2.22357529743838	6.793670457906514e-05
2.22452921226068	6.811697221438854e-05
2.22548394589404	6.81196650498797e-05
2.22643949939318	6.805822916287556e-05
2.22739587381463	6.812452280383375e-05
2.22835307021673	6.817410086432057e-05
2.22931108965964	6.813029341526982e-05
2.23026993320536	6.81558579114438e-05
2.23122960191769	6.817370487666974e-05
2.2321900968623	6.803448640954261e-05
2.23315141910665	6.791532767321269e-05
2.23411356972008	6.803449112955827e-05
2.23507654977375	6.825730035344732e-05
2.23604036034068	6.836413688674964e-05
2.23700500249573	6.83545907415439e-05
2.23797047731562	6.828497041840228e-05
2.23893678587894	6.817635810821431e-05
2.23990392926613	6.811960622527326e-05
2.2408719085595	6.822733351052151e-05
2.24184072484324	6.841222719933496e-05
2.24281037920341	6.847185078707537e-05
2.24378087272795	6.8422695092733e-05
2.24475220650668	6.839589484239065e-05
2.24572438163131	6.843004880372061e-05
2.24669739919546	6.846628434844493e-05
2.24767126029461	6.847254856383497e-05
2.24864596602617	6.853220860068275e-05
2.24962151748944	6.86090249650056e-05
2.25059791578564	6.853443219630967e-05
2.25157516201789	6.833188896526359e-05
2.25255325729124	6.81815805318462e-05
2.25353220271264	6.819758678708513e-05
2.25451199939099	6.838276498129425e-05
2.25549264843711	6.863869595389085e-05
2.25647415096375	6.882051014770813e-05
2.25745650808559	6.887543058412014e-05
2.25843972091927	6.887545836392541e-05
2.25942379058337	6.88768324301198e-05
2.26040871819841	6.884671399531061e-05
2.26139450488688	6.884276433496024e-05
2.26238115177322	6.894004104235552e-05
2.26336865998383	6.90491212406944e-05
2.26435703064709	6.907865683823707e-05
2.26534626489334	6.905469932752008e-05
2.2663363638549	6.90703620543436e-05
2.26732732866607	6.913357839449552e-05
2.26831916046314	6.916583985909063e-05
2.26931186038438	6.920240713226512e-05
2.27030542957006	6.932537705505147e-05
2.27129986916245	6.951150617919922e-05
2.27229518030582	6.967236551783775e-05
2.27329136414643	6.97222043301707e-05
2.27428842183258	6.96600889252812e-05
2.27528635451456	6.957307768631606e-05
2.27628516334471	6.952545574686338e-05
2.27728484947736	6.948332305065098e-05
2.27828541406888	6.94567569819217e-05
2.2792868582777	6.949821246744291e-05
2.28028918326424	6.955189753676919e-05
2.281292390191	6.958376762372881e-05
2.28229648022251	6.966861989397025e-05
2.28330145452536	6.977023046928093e-05
2.28430731426819	6.98598531359671e-05
2.28531406062169	6.998123386609236e-05
2.28632169475864	7.007793592940903e-05
2.28733021785386	7.012571568487831e-05
2.28833963108427	7.019311107392691e-05
2.28934993038774	7.032980148158672e-05
2.29036112742294	7.048997132844455e-05
2.29137321813653	7.057559569282488e-05
2.29238620371377	7.060987688859142e-05
2.293400085342	7.068770159146718e-05
2.29441486421068	7.079609655037671e-05
2.29543054151135	7.085971698814014e-05
2.29644711843768	7.086209814528884e-05
2.29746459618545	7.084108885040721e-05
2.29848297595256	7.086745011664151e-05
2.29950225893904	7.097207482955257e-05
2.30052244634704	7.106870666719989e-05
2.30154353938086	7.109908169142801e-05
2.30256553924692	7.112274076928971e-05
2.30358844715379	7.122236755299106e-05
2.3046122643122	7.139739831515525e-05
2.30563699193502	7.15261236650062e-05
2.30666263123728	7.15743741742016e-05
2.30768918343618	7.16575319972311e-05
2.30871664975108	7.180870480836704e-05
2.30974503140352	7.192488359400252e-05
2.31077432961722	7.199995622138159e-05
2.31180454561805	7.207627618303443e-05
2.31283568063412	7.210607299198028e-05
2.31386773589569	7.206829503457192e-05
2.31490071263524	7.206054572268531e-05
2.31593461208744	7.213894548474978e-05
2.31696943548916	7.22461465055009e-05
2.31800518407951	7.237351280360117e-05
2.31904185909979	7.257030044855048e-05
2.32007946179353	7.276253974998577e-05
2.32111799340649	7.286078956118593e-05
2.32215745518666	7.291238585943308e-05
2.32319784838425	7.297614231223406e-05
2.32423917425174	7.303191843890014e-05
2.32528143404385	7.307867390816952e-05
2.32632462901752	7.319260316145337e-05
2.32736876043199	7.337465428601299e-05
2.32841382954875	7.351395127151313e-05
2.32945983763152	7.357657118843137e-05
2.33050678594635	7.361002376150093e-05
2.33155467576153	7.365505514320086e-05
2.33260350834764	7.374600202438357e-05
2.33365328497755	7.387319281774544e-05
2.33470400692641	7.398293377611588e-05
2.33575567547169	7.403587157356873e-05
2.33680829189315	7.407316054560813e-05
2.33786185747286	7.41442883767628e-05
2.33891637349519	7.42850699869062e-05
2.33997184124686	7.449810299748302e-05
2.34102826201687	7.464694288616024e-05
2.34208563709659	7.468418217947836e-05
2.34314396777971	7.475044714031623e-05
2.34420325536224	7.486708786684599e-05
2.34526350114257	7.496160847182031e-05
2.3463247064214	7.504386052221176e-05
2.34738687250182	7.513803459624588e-05
2.34845000068927	7.524446177594555e-05
2.34951409229155	7.538111566125725e-05
2.35057914861882	7.553255537664694e-05
2.35164517098365	7.568253211355244e-05
2.35271216070097	7.585666787891247e-05
2.35378011908809	7.60435715540779e-05
2.35484904746474	7.620888887690043e-05
2.35591894715302	7.63223349317839e-05
2.35698981947744	7.63852438982927e-05
2.35806166576494	7.651018728584383e-05
2.35913448734486	7.674247805240721e-05
2.36020828554895	7.69635348961816e-05
2.3612830617114	7.711343086876863e-05
2.36235881716883	7.723232347887034e-05
2.36343555326029	7.735143025785517e-05
2.36451327132728	7.749346987306156e-05
2.36559197271375	7.764434167802994e-05
2.36667165876609	7.778002175679419e-05
2.3677523252269	7.792338314116005e-05
2.3688339846549	7.80767113589811e-05
2.36991663280273	7.82079182376413e-05
2.37100027102667	7.832121607932609e-05
2.37208490068547	7.842019668538567e-05
2.37317052314036	7.849647138339621e-05
2.37425713975507	7.861416639025208e-05
2.37534475189585	7.881006437341603e-05
2.37643336093141	7.898430876889235e-05
2.377522968233	7.907937113376564e-05
2.3786135751744	7.917537338548604e-05
2.37970518313187	7.930400668980275e-05
2.38079779348422	7.94293398214843e-05
2.38189140761281	7.955232342877721e-05
2.38298602690151	7.9659947260437e-05
2.38408165273676	7.972890616024792e-05
2.38517828650753	7.979071950744257e-05
2.38627592960535	7.988294551303295e-05
2.38737458342432	8.000291413774499e-05
2.38847424936112	8.012510626563439e-05
2.38957492881498	8.023874576752861e-05
2.39067662318773	8.035220140812455e-05
2.39177933388376	8.045396407427966e-05
2.39288306231009	8.054206090940748e-05
2.39398780987632	8.063970270824379e-05
2.39509357799463	8.075176155001872e-05
2.39620036807986	8.085617813908236e-05
2.39730818154942	8.094446436016153e-05
2.39841701982338	8.102435790456685e-05
2.39952688432441	8.110823598265408e-05
2.40063777647782	8.121611184541785e-05
2.40174969771158	8.134126936385164e-05
2.40286264945629	8.145679888665212e-05
2.40397663314519	8.156324421962627e-05
2.40509165021422	8.16755374611854e-05
2.40620770210194	8.177322168821656e-05
2.40732479024961	8.183642052974946e-05
2.40844291610116	8.191048009781802e-05
2.4095620811032	8.201953192584101e-05
2.41068228670504	8.211815721642391e-05
2.41180353435868	8.219523399704321e-05
2.41292582551881	8.22861498577028e-05
2.41404916164285	8.239122648401736e-05
2.41517354419093	8.248774259398309e-05
2.41629897462589	8.257942688067515e-05
2.41742545441331	8.267878435066914e-05
2.41855298502151	8.277673343730433e-05
2.41968156792152	8.286764751684341e-05
2.42081120458716	8.296989422971138e-05
2.42194189649497	8.309116587550228e-05
2.42307364512426	8.321030935876052e-05
2.42420645195711	8.33160677328514e-05
2.42534031847837	8.341243505925074e-05
2.42647524617568	8.349857644122347e-05
2.42761123653945	8.357869774016796e-05
2.42874829106288	8.36670842636498e-05
2.42988641124198	8.377119407650761e-05
2.43102559857557	8.388323692900185e-05
2.43216585456527	8.399174240712829e-05
2.43330718071553	8.409826711337949e-05
2.4344495785336	8.4209734158378e-05
2.4355930495296	8.432102398630645e-05
2.43673759521647	8.443074577965085e-05
2.43788321710997	8.454332040840575e-05
2.43902991672876	8.465312252490886e-05
2.44017769559433	8.475895072952048e-05
2.44132655523103	8.486613737042341e-05
2.4424764971661	8.497564446047544e-05
2.44362752292965	8.508763661369253e-05
2.44477963405468	8.520172470683598e-05
2.44593283207707	8.531687906842892e-05
2.44708711853561	8.543171049806372e-05
2.448242494972	8.554620108485e-05
2.44939896293085	8.566219189753139e-05
2.45055651795445	8.577952534062372e-05
2.45171517359803	8.589867047832546e-05
2.45287492541543	8.60195211284256e-05
2.45403577496298	8.61390149868009e-05
2.45519772379994	8.625985332387477e-05
2.45636077348855	8.638368001513498e-05
2.45752492559401	8.650583905521725e-05
2.45869018168447	8.662687530661563e-05
2.45985654333107	8.674963840518263e-05
2.46102401210792	8.687046118260126e-05
2.46219258959215	8.698997660898422e-05
2.46336227736384	8.711419898180538e-05
2.46453307700612	8.72442640497222e-05
2.4657049901051	8.738058741749081e-05
2.46687801824992	8.752089065702367e-05
2.46805216303275	8.765560086649454e-05
2.46922742604879	8.778112732607261e-05
2.47040380889626	8.790375071889334e-05
2.47158131317646	8.802662983683696e-05
2.47275994049372	8.814728211335736e-05
2.47393969245545	8.826068760390772e-05
2.47512057067212	8.838527382165677e-05
2.47630257675726	8.853879627187073e-05
2.47748571232751	8.86986445904672e-05
2.47866997900259	8.883790578212939e-05
2.47985537840532	8.895905755236304e-05
2.48104191216163	8.90851963914983e-05
2.48222958190055	8.922613574385207e-05
2.48341838925424	8.936274776039481e-05
2.48460833585799	8.948095537552936e-05
2.48579942335022	8.960631414674595e-05
2.48699165337249	8.975525954180748e-05
2.48818502756954	8.98990079495956e-05
2.48937954758922	9.002162155975883e-05
2.49057521508259	9.014316408820664e-05
2.49177203170385	9.02915092353805e-05
2.49296999911041	9.045552414908572e-05
2.49416911896284	9.060109640642213e-05
2.49536939292494	9.073672011314349e-05
2.49657082266368	9.087969056356658e-05
2.49777340984926	9.102190151979808e-05
2.4989771561551	9.116547429022068e-05
2.50018206325785	9.1317736891219e-05
2.50138813283738	9.145924703427202e-05
2.50259536657682	9.157584611392574e-05
2.50380376616254	9.168918542996274e-05
2.50501333328417	9.180398377226793e-05
2.50622406963461	9.190880209907226e-05
2.50743597691004	9.200919140149484e-05
2.50864905680992	9.212934774851478e-05
2.50986331103698	9.228349344667889e-05
2.51107874129727	9.244606666921869e-05
2.51229534930015	9.259443296351273e-05
2.51351313675827	9.273601574444203e-05
2.51473210538763	9.287023668367591e-05
2.51595225690755	9.298975989913331e-05
2.51717359304067	9.312270835450824e-05
2.51839611551301	9.328735944189959e-05
2.51961982605391	9.34478682707738e-05
2.52084472639611	9.35770447682221e-05
2.52207081827569	9.371487347464018e-05
2.52329810343212	9.390716283762562e-05
2.52452658360826	9.41057011802071e-05
2.52575626055037	9.42389711629074e-05
2.5269871360081	9.435265041229411e-05
2.52821921173452	9.450867960477825e-05
2.52945248948613	9.468601294226891e-05
2.53068697102284	9.485995976855045e-05
2.53192265810801	9.500887781690191e-05
2.53315955250845	9.514501811389984e-05
2.53439765599441	9.531772222219256e-05
2.5356369703396	9.550346488563327e-05
2.53687749732123	9.56331109247054e-05
2.53811923871997	9.572044818212887e-05
2.5393621898716	9.581583981310844e-05
2.54060636545419	9.591829162230471e-05
2.54185176081684	9.600124447446105e-05
2.54309837775424	9.609154931856904e-05
2.54434621806457	9.622754898109615e-05
2.54559528354957	9.637608743227511e-05
2.5468455760145	9.651925414590785e-05
2.54809709726818	9.668762624265179e-05
2.54934984912297	9.685347783833773e-05
2.55060383339483	9.692501818613952e-05
2.55185905190326	9.692231639934628e-05
2.55311550647137	9.696964163950905e-05
2.55437319892583	9.710760302423335e-05
2.55563213109694	9.727324778657858e-05
2.5568923048186	9.742104803740712e-05
2.55815372192833	9.754583723339043e-05
2.55941638426727	9.76617454156471e-05
2.56068029368022	9.777350996220381e-05
2.5619454520156	9.78616118861048e-05
2.5632118611255	9.790294054346411e-05
2.56447952286566	9.789466122143742e-05
2.56574843909551	9.79076166179163e-05
2.56701861167814	9.798105148580272e-05
2.56829004248036	9.806408006824762e-05
2.56956273337267	9.817472583005316e-05
2.57083668622925	9.834337118843389e-05
2.57211190292804	9.851321463651825e-05
2.5733883853507	9.86521449920512e-05
2.57466613538259	9.873743534580236e-05
2.57594515491287	9.875533230444117e-05
2.57722544583442	9.87433572586616e-05
2.5785070100439	9.878479294132234e-05
2.57978984944174	9.892101098346746e-05
2.58107396593214	9.908679226950679e-05
2.58235936142312	9.922679644058624e-05
2.5836460378265	9.932774860787193e-05
2.58493399705787	9.939294225549567e-05
2.58622324103671	9.948627040450375e-05
2.58751377168627	9.961638680755384e-05
2.58880559093367	9.971820271889816e-05
2.59009870070988	9.980738976044725e-05
2.59139310294973	9.99297206306255e-05
2.5926887995919	0.0001000325534269768
2.59398579257899	0.00010009988057974099
2.59528408385744	0.00010021395432023397
2.59658367537762	0.00010033510244094812
2.59788456909381	0.00010039900413559323
2.59918676696419	0.00010049638904198994
2.60049027095088	0.00010063178310145665
2.60179508301994	0.00010069196371472201
2.60310120514137	0.00010068735955461923
2.60440863928912	0.00010075831770504185
2.60571738744115	0.00010091490600573909
2.60702745157933	0.00010103317468373307
2.60833883368958	0.00010112315778343215
2.60965153576179	0.00010126879196973531
2.61096555978985	0.00010145334896197636
2.61228090777169	0.00010163321527273836
2.61359758170925	0.0001017602098695147
2.61491558360851	0.00010181422810841039
2.61623491547951	0.00010190272059476908
2.61755557933634	0.00010210673707196003
2.61887757719716	0.00010232705528241332
2.62020091108421	0.00010250001715292239
2.62152558302382	0.00010260035211450816
2.62285159504641	0.00010261538552907974
2.62417894918654	0.00010266008014021251
2.62550764748284	0.0001028056522111505
2.62683769197813	0.00010301053623266166
2.62816908471933	0.00010318983070178209
2.62950182775752	0.00010325373881814156
2.63083592314795	0.00010325624701310846
2.63217137295004	0.00010336805313968337
2.63350817922739	0.0001035921076552004
2.63484633710539	0.0001038031584904451
2.63618586253381	0.00010393618565888092
2.6375267506535	0.00010402726659847775
2.63886900354491	0.0001041674901521111
2.64021262329272	0.00010437651815781709
2.64155761198585	0.00010456418966871198
2.6429039717175	0.00010471190343127644
2.64425170458513	0.00010489325301698218
2.64560081269047	0.00010507542314546033
2.64695129813956	0.00010515963529514281
2.64830316304273	0.00010517252179653227
2.64965640951462	0.00010528072831299479
2.6510110396742	0.00010556031668031606
2.65236705564478	0.00010588217037768748
2.65372445955402	0.00010606772261614628
2.65508325353392	0.00010609823444755
2.65644343972086	0.00010614109734046918
2.65780502025561	0.00010632946598827583
2.65916799728331	0.00010657826204603741
2.66053237295351	0.00010674464311140088
2.66189814942019	0.00010682774468730802
2.66326532884173	0.00010691732999798612
2.66463391338097	0.00010706105209429598
2.66600390520518	0.00010729708895452369
2.66737530648609	0.00010758463540804316
2.66874811939992	0.00010778433060351526
2.67012234612735	0.00010791377578538734
2.67149798885357	0.00010813462234091793
2.67287504976826	0.00010840207052855345
2.67425353106564	0.00010861101394779852
2.67563343494444	0.00010881952806409281
2.67701476360792	0.0001090244059099266
2.67839751926393	0.0001091565783097344
2.67978170412485	0.0001093045863685789
2.68116732040765	0.0001095202974790512
2.68255437033388	0.00010976522787570374
2.68394285612971	0.00011010046331600033
2.68533278002588	0.0001104832129919678
2.68672414425781	0.00011071226743463883
2.6881169510655	0.00011080757032417298
2.68951120269363	0.00011094732878945533
2.69090690139153	0.00011117171100448442
2.69230404941321	0.00011140087808830579
2.69370264901735	0.00011165201331084626
2.69510270246734	0.00011199310245561822
2.69650421203126	0.00011228087638493267
2.69790717998193	0.00011243169455209559
2.69931160859688	0.00011257756378968648
2.70071750015841	0.00011279241357115446
2.70212485695356	0.00011305294853530072
2.70353368127415	0.00011342574749126218
2.70494397541678	0.00011387979822676732
2.70635574168283	0.00011416989485337011
2.7077689823785	0.00011430208342354775
2.70918369981482	0.00011457276537356617
2.71059989630763	0.00011500163181345861
2.71201757417763	0.00011536462580405623
2.71343673575037	0.00011562754260952289
2.71485738335627	0.00011586565234228539
2.71627951933065	0.00011607204293083885
2.71770314601371	0.00011625028743628276
2.71912826575054	0.00011645990420913852
2.7205548808912	0.00011671596579504116
2.72198299379063	0.00011701120708023413
2.72341260680877	0.00011728877274224718
2.72484372231048	0.00011749020920704103
2.72627634266561	0.00011765429657817248
2.72771047024899	0.00011783955179906657
2.72914610744047	0.00011800620536478553
2.73058325662488	0.00011816151405187378
2.7320219201921	0.0001184225607030346
2.73346210053704	0.0001187953923204845
2.73490380005967	0.00011911460483992252
2.73634702116502	0.00011931423714029617
2.7377917662632	0.00011956426105311529
2.73923803026598	0.00011989072402227901
2.74068583059259	0.00012008565303684888
2.74213516217296	0.00012012933267869869
2.74358602743764	0.00012019526551897695
2.74503842882235	0.00012030505100344037
2.74649236876796	0.00012041095649236266
2.7479478497205	0.00012062673761001036
2.74940487413121	0.0001210176270892178
2.75086344445653	0.0001213462782782484
2.75232356315809	0.00012145726139504988
2.75378523270277	0.00012146848042486213
2.7552484555627	0.00012154624003007793
2.75671323421525	0.00012179266090360521
2.75817957114307	0.00012213327296751393
2.75964746883409	0.00012240991602969462
2.76111692978155	0.00012259516114238148
2.76258795648399	0.000122769415100856
2.76406055144528	0.00012303938056981484
2.76553471717464	0.00012336496848449214
2.76701045618664	0.00012364069832982236
2.76848777100121	0.00012384528426681894
2.76996666414369	0.00012396199317582572
2.77144713814479	0.00012411936045153503
2.77292919554066	0.00012447717196571986
2.77441283887285	0.00012479376938061103
2.77589807068838	0.00012492464501699934
2.77738489353971	0.00012508652978841187
2.77887330998478	0.0001252972834495572
2.780363322587	0.0001254227422802852
2.7818549339153	0.00012555773887908228
2.78334814654411	0.00012578727783616768
2.78484296305342	0.00012609105067732957
2.78633938602872	0.00012643573804737898
2.7878374180611	0.0001266646253820224
2.78933706174721	0.0001267453568567466
2.79083831968927	0.00012685135442355703
2.79234119449515	0.00012700512408423816
2.7938456887783	0.00012716683627974788
2.79535180515783	0.00012741036136992636
2.79685954625848	0.00012773637181800562
2.79836891471068	0.0001280097469946427
2.79987991315053	0.00012814319616793625
2.80139254421981	0.00012816849316879325
2.80290681056603	0.00012828812289204824
2.80442271484244	0.00012862004488944367
2.80594025970801	0.00012885798325843714
2.80745944782747	0.00012884910642399107
2.80898028187134	0.00012880564486022204
2.81050276451591	0.00012889268494895728
2.8120268984433	0.00012908004474881723
2.81355268634142	0.00012932707590818974
2.81508013090404	0.00012959239373624623
2.81660923483078	0.00012978723507655503
2.81814000082712	0.0001300115208350767
2.81967243160444	0.00013036933221043012
2.82120652988	0.00013073077352833393
2.82274229837699	0.00013101887407283833
2.82427973982453	0.00013114073811761517
2.82581885695769	0.00013104926073106187
2.8273596525175	0.0001310512414611089
2.82890212925098	0.0001313735552663555
2.83044628991115	0.00013183132188953508
2.83199213725703	0.00013222600983157408
2.83353967405368	0.00013246446797881848
2.83508890307221	0.00013262436614787403
2.83663982708978	0.00013286574264795035
2.83819244888965	0.00013308804757441827
2.83974677126117	0.00013318902303015217
2.84130279699978	0.0001332925076892645
2.84286052890709	0.00013345329875013337
2.84441996979084	0.0001336839394148694
2.84598112246492	0.00013403690819588547
2.84754398974941	0.00013446138548340954
2.84910857447061	0.0001347620733343692
2.85067487133465	0.00013472371359801282
2.85224289942402	0.00013449110616669567
2.85381265346627	0.00013451545097408933
2.85538413631266	0.000134865002889589
2.8569573508207	0.00013518843820237972
2.85853229985423	0.0001354539579291618
2.86010898628339	0.00013578346271267975
2.86168741298467	0.00013604277733754886
2.8632675828409	0.0001361344114147533
2.86484949874129	0.00013620483133032932
2.86643316358144	0.000136486689331255
2.86801858026335	0.00013691151353979695
2.86960575169544	0.00013710636155484486
2.87119468079258	0.00013709544346240647
2.8727853704761	0.0001372556014714897
2.8743778236738	0.0001375722348705407
2.87597204331998	0.00013779641176031715
2.87756803235547	0.00013798241651437435
2.87916579372759	0.0001382005706103664
2.88076533039025	0.00013844899612609152
2.88236664530391	0.00013875295595048553
2.88396974143562	0.00013908240427290894
2.88557462175902	0.00013930354225442652
2.88718128925441	0.00013939618971564236
2.88878974690868	0.00013945487522845371
2.89039999771543	0.00013959292954336203
2.8920120446749	0.00013987212776037135
2.89362589079405	0.00014024582180293345
2.89524153908655	0.00014057027103732563
2.89685899257279	0.0001408226176915011
2.89847825427994	0.0001410779324031738
2.90009932724192	0.00014121278716347526
2.90172221449945	0.00014125188839514516
2.90334691910006	0.00014143758483399748
2.90497344409811	0.00014174108311134682
2.90660179255481	0.00014204857257685784
2.90823196753822	0.00014244797909852486
2.90986397212332	0.0001427844341410098
2.91149780939196	0.0001430056576309275
2.91313348243294	0.0001432156643046231
2.914770994342	0.0001433477175938042
2.91641034822185	0.0001434162760125343
2.91805154718215	0.0001436847423114817
2.91969459433962	0.00014402991202185645
2.92133949281795	0.00014410468988902589
2.92298624574792	0.0001440243416457288
2.92463485626733	0.00014412955078242816
2.92628532752109	0.00014450766952871572
2.92793766266121	0.00014496281562091686
2.92959186484682	0.00014526966773643085
2.93124793724419	0.00014548998338393787
2.93290588302675	0.00014579780014976968
2.93456570537513	0.00014613914606468792
2.93622740747715	0.00014633554541555502
2.93789099252787	0.00014635260315231692
2.93955646372957	0.0001464524330506867
2.94122382429181	0.00014666056327365242
2.94289307743144	0.00014673496016445945
2.94456422637261	0.00014678186316954137
2.9462372743468	0.00014707541304280537
2.94791222459285	0.00014752426952157352
2.94958908035694	0.00014801992601891616
2.95126784489267	0.00014848607322163213
2.95294852146104	0.00014871111103020293
2.95463111333047	0.0001488191317742698
2.95631562377686	0.00014902968433115138
2.95800205608356	0.0001493123015797259
2.95969041354144	0.0001496455078403055
2.96138069944886	0.0001499831744881397
2.96307291711174	0.00015011091810673648
2.96476706984356	0.00015002311861973396
2.96646316096537	0.0001499819573719089
2.96816119380583	0.00015006062066640416
2.96986117170123	0.00015012482161165118
2.97156308916531	0.000150187532664434
2.97326696719993	0.00015030694711454007
2.97497280034431	0.0001505809944993884
2.97668059196544	0.0001509931405264235
2.97839034543809	0.00015139709427073607
2.98010206414475	0.00015176536150501223
2.9818157514757	0.00015194178373493288
2.98353141082903	0.0001520134978287525
2.98524904561066	0.00015230731620516924
2.98696865923433	0.00015261472669288927
2.98869025512168	0.0001526821941877135
2.99041383670224	0.00015281556865482401
2.99213940741343	0.00015303998661759965
2.99386697070064	0.0001532177795319749
2.99559653001721	0.00015347956845316124
2.99732808882445	0.00015372373380493704
2.9990616505917	0.00015395811397675297
3.00079721879632	0.0001543560016021223
3.00253479692372	0.00015463421606891914
3.00427438846741	0.00015468032833247883
3.00601599692896	0.000154857069695771
3.0077596258181	0.00015524063971269608
3.0095052786527	0.00015558537691062277
3.01125295895879	0.00015597522570816378
3.0130026702706	0.0001563626986336012
3.0147544161306	0.00015655917516134516
3.01650820008947	0.0001567677918155149
3.01826402570617	0.0001570143819300678
3.02002189654796	0.00015710810372111244
3.02178181619041	0.00015713042794343284
3.02354378821742	0.00015725479758598866
3.02530781622128	0.00015751517127733387
3.02707390380262	0.00015783139358890527
3.02884205457054	0.00015820477754187684
3.03061227214255	0.00015863432636189717
3.0323845601446	0.00015898239644528145
3.03415892221116	0.0001591703021894059
3.03593536198521	0.00015925664380968317
3.03771388311825	0.00015938074706734528
3.03949448927035	0.00015969082092983007
3.04127718411016	0.00016009714925486362
3.04306197131496	0.00016035372299238657
3.04484885457064	0.0001606710836190136
3.04663783757178	0.00016114539317708596
3.04842892402162	0.000161496878799253
3.05022211763214	0.0001616161345243743
3.05201742212404	0.00016158135134591332
3.05381484122681	0.00016156128121254124
3.05561437867869	0.00016189596916664733
3.05741603822677	0.00016240369512156996
3.05921982362698	0.00016266993357505878
3.06102573864411	0.00016278306774978484
3.06283378705183	0.00016296784102782204
3.06464397263277	0.0001632726150231547
3.06645629917847	0.00016373810478245474
3.06827077048946	0.00016418050403014308
3.07008739037528	0.0001643116189590549
3.07190616265448	0.0001642908520357695
3.07372709115467	0.00016447752864287354
3.07555017971255	0.00016477140067486985
3.07737543217391	0.0001648751770641676
3.0792028523937	0.00016493037052303354
3.081032444236	0.00016531952988187168
3.08286421157411	0.00016575825786044942
3.08469815829053	0.00016602837536887764
3.086534288277	0.00016630836289543903
3.08837260543455	0.00016660258739402582
3.09021311367349	0.00016677294667329594
3.09205581691346	0.0001668820258550157
3.09390071908348	0.00016721951046150645
3.09574782412191	0.00016768438660624355
3.09759713597656	0.00016794581243812355
3.09944865860465	0.00016815098846008467
3.10130239597288	0.00016847865187152923
3.10315834242786	0.00016869661768188017
3.10501652120296	0.00016863673962086567
3.10687692667536	0.00016870150501177157
3.10873956284991	0.00016921332289276635
3.11060443374109	0.0001697909756892557
3.11247154337299	0.00017005396156479543
3.11434089577937	0.00017011463191390555
3.1162124950037	0.0001702963143422093
3.11808634509917	0.0001706558032387981
3.11996245012873	0.00017097752795065154
3.1218408141651	0.00017120601173838948
3.12372144129082	0.00017128874551374938
3.12560433559829	0.00017140626341743395
3.12748950118976	0.0001718880709607224
3.12937694217739	0.00017242187884203763
3.13126666268328	0.00017255407314659704
3.13315866683948	0.00017255892104640395
3.13505295878805	0.00017276747975356957
3.13694954268107	0.00017303533706029692
3.13884842268064	0.00017321914866389465
3.140749602959	0.00017346432214569753
3.14265308769846	0.0001739217130730967
3.14455888109149	0.00017445741088823588
3.14646698734074	0.00017478002922247148
3.14837741065906	0.00017484342025404133
3.15029015526955	0.00017487390379467612
3.15220522540556	0.00017515824442492975
3.15412262531075	0.0001755856002010394
3.15604235923912	0.00017580179509129413
3.15796443145502	0.0001759215699054007
3.1598888462332	0.00017617793391408107
3.16181560785883	0.00017649806465925828
3.16374472062755	0.00017677262307754245
3.16567618884548	0.00017704277894333684
3.16761001682926	0.00017724547397422762
3.1695462089061	0.00017741415353147812
3.17148476941377	0.00017776888987881007
3.1734257027007	0.00017818904999577644
3.17536901312592	0.00017831136498747645
3.17731470505919	0.00017824243840179745
3.17926278288095	0.00017853688922344458
3.18121325098241	0.00017918002798365717
3.18316611376557	0.00017955489768497977
3.18512137564322	0.00017950700756721034
3.18707904103902	0.00017949061709723795
3.18903911438751	0.0001797150745382967
3.19100160013413	0.00017997778287924537
3.1929665027353	0.0001802931489190753
3.19493382665838	0.00018086540102724307
3.19690357638179	0.00018156012724215853
3.19887575639497	0.000181874128763007
3.20085037119846	0.0001816759932752651
3.20282742530391	0.00018154293682247485
3.20480692323415	0.00018182029670523652
3.20678886952316	0.00018217604432168693
3.20877326871617	0.00018256247940513968
3.21076012536965	0.00018296437779979967
3.21274944405138	0.00018313357280030524
3.21474122934045	0.00018318741952084587
3.21673548582732	0.00018334341974807807
3.21873221811386	0.00018347724668038131
3.22073143081335	0.00018370692248154052
3.22273312855056	0.00018426401338422652
3.22473731596174	0.00018480727486283515
3.22674399769471	0.00018512246669107464
3.22875317840884	0.0001853853789186677
3.23076486277514	0.00018554679085226302
3.23277905547623	0.00018556970661639282
3.23479576120645	0.0001857771684392994
3.23681498467184	0.0001862091922819867
3.23883673059021	0.00018655345791227066
3.24086100369115	0.00018682429083480558
3.24288780871611	0.0001872323892798187
3.24491715041837	0.0001877388742066246
3.24694903356315	0.0001880681327567131
3.2489834523717	0.0001880752393881859
3.25102043273169	0.0001881085019297902
3.25305996890159	0.00018838341815600201
3.25510206569461	0.00018877265532409184
3.25714672793603	0.00018934855306658116
3.25919396046329	0.00018992092445381702
3.26124376812597	0.00019010089590429537
3.26329615578589	0.00019003370865655183
3.2653511283171	0.0001902204665609228
3.26740869060593	0.00019073114931201046
3.26946884755104	0.00019123004684382382
3.27153160406345	0.0001915625587175258
3.27359696506659	0.00019176775250245466
3.27566493549631	0.00019199092253379101
3.27773552030097	0.0001921712721835063
3.27980872444142	0.00019230619572800978
3.2818845528911	0.00019253374458003228
3.28396301063601	0.00019284669565873666
3.28604410267483	0.00019328336590515637
3.28812783401888	0.00019377611968932805
3.29021420969224	0.00019421417380431126
3.29230323473172	0.00019459823536443027
3.29439491418693	0.00019482643506585107
3.29648925312033	0.00019502466278835908
3.29858625660727	0.00019546382726407516
3.30068592973601	0.00019599131002680527
3.30278827760777	0.00019616166613931784
3.30489330533679	0.0001960947060044661
3.30700101805034	0.0001964138534443949
3.3091114208888	0.00019705522656243043
3.31122451900565	0.00019752462004803497
3.31334031756757	0.00019781949490795445
3.31545882175443	0.00019792073108250292
3.31758003675938	0.00019792646358406406
3.31970396778886	0.00019824866597578905
3.32183062006264	0.00019903648135659535
3.32395999881388	0.00020005082843061934
3.32609210928917	0.00020076963800718842
3.32822695674858	0.00020085410337369457
3.33036454646568	0.00020086678172843745
3.33250488372759	0.00020130480165210448
3.33464797383504	0.00020184567699409853
3.33679382210242	0.00020216236361358022
3.33894243385778	0.00020245154495584914
3.34109381444291	0.00020284725381642386
3.34324796921339	0.00020308601749748312
3.34540490353861	0.00020316907841730697
3.34756462280182	0.0002034826384357174
3.3497271324002	0.00020392859650838335
3.35189243774486	0.0002040777933381187
3.35406054426092	0.0002040407270662735
3.35623145738756	0.0002040992497281687
3.35840518257804	0.0002044048126487769
3.36058172529974	0.00020485315854120616
3.36276109103425	0.00020527886677967734
3.36494328527738	0.00020574702279768764
3.3671283135392	0.00020627178346876307
3.36931618134413	0.0002068447405559468
3.37150689423093	0.0002073802559428093
3.37370045775279	0.0002077309704540484
3.37589687747735	0.00020797809405942886
3.37809615898677	0.00020818837372627166
3.38029830787777	0.00020835003418240492
3.38250332976165	0.00020841916889667263
3.38471123026438	0.00020844643609443255
3.38692201502663	0.00020850617288590756
3.3891356897038	0.00020853024482360522
3.39135225996612	0.00020870206144006406
3.39357173149861	0.0002091666669023381
3.39579411000123	0.0002096064689205643
3.39801940118886	0.00020981798189736192
3.40024761079136	0.00021000982778153845
3.40247874455367	0.00021040188081888152
3.40471280823576	0.00021095887031771172
3.40694979600547	0.00021157935616000631
3.40918973685249	0.0002121965140200113
3.41143262499029	0.00021274285056318673
3.41367846623973	0.00021314888174135517
3.415927266437	0.00021349995879415783
3.41817903143368	0.00021396489538045638
3.42043376709678	0.00021439625923138126
3.42269147930882	0.0002146009739594187
3.42495217396784	0.00021455051761316106
3.42721585698749	0.0002143479714520737
3.42948253429705	0.00021425391507402932
3.43175221184151	0.0002143448803205159
3.43402489558161	0.00021449616812594315
3.43630059149386	0.00021477344776776232
3.43857930557066	0.0002154922998461657
3.44086104382029	0.00021655763652198237
3.44314581226702	0.00021731358473911158
3.44543361695109	0.00021746011563819145
3.44772446392884	0.00021741503974651567
3.4500183592727	0.0002175947379538666
3.45231530907129	0.0002179842653878685
3.45461531942945	0.00021836624129995054
3.4569183964683	0.00021867810927185213
3.4592245463253	0.00021903630035099582
3.46153377515427	0.00021945370727754143
3.46384608912552	0.00021971532341954735
3.46616149442582	0.00021976252538091542
3.46847999725851	0.000219831318959824
3.47080160384354	0.00022002894962310434
3.47312632041751	0.00022039165866771332
3.47545415323375	0.00022100982839237343
3.47778510856237	0.00022182568487823356
3.4801191926903	0.00022254758674647356
3.48245641192138	0.00022307645355336105
3.48479677257638	0.00022350665874048414
3.48714028099307	0.00022363689906807545
3.48948694352628	0.00022359571981295608
3.49183676654798	0.0002238253008822044
3.49418975644729	0.0002243246933505365
3.49654591963056	0.00022480652632315097
3.49890526252146	0.00022504448456416493
3.50126779156099	0.00022500776155246768
3.50363351320754	0.00022510230183729317
3.50600243393701	0.00022553055233946368
3.50837456024279	0.0002259699475865088
3.51074989863587	0.00022632519885103355
3.51312845564489	0.00022675305740594597
3.51551023781618	0.0002272849877490316
3.51789525171385	0.00022753756791085472
3.52028350391982	0.00022754140265420072
3.5226750010339	0.00022768811982483596
3.52506974967387	0.0002279906332952185
3.52746775647548	0.00022814728129838172
3.52986902809257	0.00022824224777207413
3.53227357119711	0.00022852383709558044
3.53468139247925	0.0002289167626260188
3.53709249864742	0.00022928179909954117
3.53950689642833	0.00022954481046579954
3.5419245925671	0.00022990169690534313
3.54434559382728	0.0002304061708035039
3.54676990699092	0.00023053655917742362
3.54919753885866	0.00023032375629551476
3.55162849624973	0.00023051948355714527
3.5540627860021	0.00023118167285346818
3.55650041497247	0.00023172925814984543
3.55894139003638	0.00023195699267374232
3.56138571808826	0.0002320814329011096
3.56383340604147	0.00023226246686893883
3.56628446082843	0.00023253918374466394
3.56873888940061	0.0002329680954250421
3.57119669872863	0.0002335595808547737
3.57365789580236	0.000234079418464389
3.57612248763091	0.0002345521001101122
3.57859048124276	0.00023510411554982568
3.58106187086182	0.00023522912582742784
3.58353668918572	0.00023489745566401905
3.58601493049509	0.00023485637110456922
3.58849660189647	0.00023520110062347444
3.59098171051609	0.00023553678917694195
3.59347026349994	0.0002358173408487032
3.59596226801382	0.00023616328509173473
3.59845773124343	0.00023651288065219004
3.60095666039444	0.00023687573865551652
3.60345906269252	0.00023729519483004752
3.60596494538346	0.0002377218635430705
3.60847431573323	0.0002382925593971712
3.61098718102801	0.00023893891050219513
3.61350354857431	0.0002391991466154357
3.61602342569902	0.00023906253985641032
3.61854681974948	0.00023901512337234644
3.62107373809355	0.0002392479060964749
3.62360418811969	0.00023939907686371743
3.62613817723701	0.00023925067318649877
3.62867571287539	0.00023935935081263678
3.63121680248549	0.00024006510950206575
3.63376145353888	0.0002407893905730457
3.63630967352808	0.00024129809226173496
3.63886146996663	0.00024176663662306387
3.6414168503892	0.0002420439782929297
3.6439758223516	0.00024224838588565533
3.64653839343094	0.00024262733902883043
3.64910457122563	0.00024303189267682796
3.6516743633555	0.0002434103933774841
3.65424777746184	0.00024369397219072396
3.6568248212075	0.00024379803577196998
3.65940550227699	0.00024394857044012403
3.66198982837649	0.00024411047014599163
3.66457780723398	0.0002442652184662468
3.6671694465993	0.0002447769990709181
3.66976475424424	0.0002452814525637566
3.67236373796258	0.00024535652571155725
3.67496640557023	0.00024555872486472835
3.67757276490523	0.0002462136331649235
3.68018282382791	0.0002468960213966114
3.68279659022091	0.00024726100681361443
3.68541407198928	0.0002474905723825702
3.68803527706057	0.00024780797555850264
3.69066021338489	0.0002482535416248397
3.69328888893501	0.00024885409196587145
3.69592131170642	0.0002494388124709365
3.69855748971743	0.0002498927860544754
3.70119743100923	0.00025032497270924405
3.70384114364599	0.000250623409916337
3.70648863571496	0.0002506506429480187
3.70913991532649	0.0002507628622446286
3.71179499061419	0.00025115759119499547
3.71445386973494	0.0002516604389966427
3.71711656086904	0.0002522297191073816
3.71978307222025	0.0002527614231289777
3.72245341201587	0.0002531914358518716
3.72512758850688	0.00025376442869504915
3.72780560996795	0.0002543868999004888
3.73048748469759	0.0002546377720191861
3.73317322101818	0.0002545861967801095
3.73586282727611	0.00025490090700657875
3.73855631184182	0.00025578018202722516
3.74125368310992	0.0002565792936970651
3.74395494949927	0.0002568356353019645
3.74666011945304	0.0002568133929974667
3.74936920143884	0.00025688600822551034
3.75208220394877	0.0002572285013228436
3.75479913549955	0.0002577880013123562
3.75752000463257	0.00025840717413814346
3.760244819914	0.0002590315452159601
3.76297358993487	0.0002595970077596586
3.76570632331117	0.0002601233742297851
3.76844302868395	0.00026081465308635035
3.77118371471937	0.0002614524413228594
3.77392839010883	0.00026163164663309984
3.77667704930579	0.000261523412429408
3.77942972955814	0.0002616121831673431
3.78218642539101	0.0002621428857285405
3.78494714559763	0.0002631053035990494
3.78771189899693	0.00026404828168749214
3.79048069443365	0.0002644943420876447
3.79325354077838	0.0002647779620486771
3.79603044692769	0.0002652383621712045
3.79881142180425	0.0002656336469327922
3.80159647435685	0.0002659350793075823
3.80438561356058	0.00026642395062739625
3.80717884841688	0.00026691186156985956
3.80997618795362	0.0002671556128631319
3.81277764122526	0.0002674792223948754
3.81558321731289	0.00026811978266299294
3.81839292532435	0.00026902958852932033
3.82120677439433	0.00026998424690663676
3.82402477368446	0.0002703446505714615
3.82684693238343	0.0002702301735133913
3.82967325970705	0.00027057103951982507
3.8325037648984	0.00027126385661357705
3.8353384572279	0.000271658320634167
3.8381773459934	0.0002718670236539285
3.84102044052034	0.0002724876687147549
3.84386775016176	0.0002735988370829105
3.84671928429849	0.00027439524615497393
3.84957505233921	0.00027445422680307826
3.85243506372055	0.0002743436770640958
3.85529932790721	0.0002744063825278657
3.85816785439207	0.00027439534981176097
3.86104065269626	0.0002744995321175965
3.86391773236931	0.0002750755403613321
3.86679910298922	0.00027607283018616676
3.8696847741626	0.0002772240128384224
3.87257475552474	0.00027801276198568
3.87546905673974	0.00027810187132228673
3.87836768750062	0.00027798242450448237
3.8812706575294	0.00027833378029406105
3.88417797657726	0.00027910871991456977
3.88708965442459	0.0002797490203365104
3.89000570088115	0.0002801511032920442
3.89292612578616	0.0002806788411072072
3.89585093900838	0.0002811388292386277
3.89878015044628	0.0002812813364296942
3.90171377002812	0.0002814049928112563
3.90465180771205	0.00028168267998979955
3.90759427348624	0.00028220508674855235
3.910541177369	0.0002828184065390038
3.91349252940888	0.00028303376292692213
3.91644833968478	0.0002830805782340702
3.91940861830609	0.0002834924404589998
3.92237337541276	0.00028416033341728346
3.92534262117548	0.0002849165235748
3.92831636579574	0.0002856477557084805
3.93129461950595	0.00028587704468728054
3.93427739256962	0.0002859025249718504
3.93726469528138	0.00028640363932654387
3.9402565379672	0.00028709962484294764
3.94325293098441	0.0002874607776946256
3.94625388472192	0.00028769867079352155
3.94925940960025	0.00028808747215039346
3.95226951607171	0.00028857763299256156
3.95528421462049	0.0002892983075630253
3.95830351576281	0.0002901326540561116
3.961327430047	0.0002903175697435166
3.96435596805367	0.0002900377780154672
3.96738914039579	0.0002904652145946862
3.97042695771887	0.00029151478120369493
3.97346943070101	0.0002922816158441163
3.97651657005309	0.00029266140219537493
3.97956838651886	0.0002931336404051848
3.98262489087508	0.00029355940495788953
3.98568609393165	0.0002935492206402272
3.98875200653172	0.00029340855073826396
3.9918226236172	0.00029359213616964
3.99489798794286	0.00029406084367804725
3.99797809454229	0.00029458012497656427
4.00106295439297	0.0002951024986101031
4.00415257850629	0.00029560186321798986
4.00724697792768	0.0002958600092501254
4.01034616373675	0.0002958842224500153
4.0134501470474	0.00029607594943398735
4.01655893900796	0.00029664022274719567
4.01967255080136	0.0002974188111423851
4.02279099364518	0.00029800772060038116
4.0259142787919	0.0002981409697438501
4.02904241752892	0.00029804802026365726
4.03217542117877	0.00029822828854370883
4.03531330109922	0.0002988565886436943
4.03845606868344	0.0002997820988067611
4.0416037353601	0.0003005897556260858
4.04475631259354	0.00030064900624708537
4.04791381188388	0.00030024631068046177
4.05107624476721	0.0003005247625960086
4.05424362281567	0.0003013940596668271
4.05741595763762	0.00030176585848546756
4.06059326087781	0.0003015198971754923
4.06377554421747	0.0003015384934440566
4.06696281937447	0.00030211083373640074
4.0701550981035	0.00030283403290933263
4.07335239219615	0.0003031110247678912
4.07655471348113	0.0003031305196404421
4.07976207382433	0.0003036853280331376
4.08297448512906	0.00030452704016636884
4.08619195933611	0.0003050294565993582
4.08941450842398	0.0003052295992743993
4.09264214440894	0.000305176294990228
4.09587487934525	0.0003052506986457563
4.09911272532531	0.0003058600615059755
4.10235569447973	0.000306655782030565
4.1056037989776	0.00030717984944806997
4.10885705102654	0.0003074051039750308
4.1121154628729	0.00030764170958294345
4.11537904680191	0.0003080436671606544
4.11864781513785	0.00030864466275060077
4.12192178024417	0.00030934049482322684
4.12520095452365	0.0003097258523527844
4.12848535041859	0.00030974014798140087
4.13177498041094	0.00031025733412032595
4.13506985702247	0.00031126147359745077
4.13836999281492	0.00031182621695398366
4.14167540039015	0.00031175473719247435
4.14498609239034	0.0003116462017926117
4.1483020814981	0.0003121425004593391
4.15162338043667	0.00031300649955660984
4.15495000197007	0.00031336893985473935
4.15828195890326	0.00031328669790315586
4.16161926408231	0.00031370865381951746
4.16496193039455	0.00031470017140133844
4.16830997076877	0.00031528534532957776
4.17166339817535	0.00031533164017945217
4.17502222562644	0.0003155894761198509
4.17838646617615	0.000316159294915351
4.18175613292068	0.00031689500411606934
4.18513123899852	0.00031778298230515797
4.1885117975906	0.0003182959510239318
4.19189782192049	0.00031820251346285547
4.19528932525454	0.0003183005524961684
4.19868632090208	0.0003188849283517724
4.20208882221556	0.0003192668022326897
4.20549684259077	0.00031932950993586093
4.20891039546699	0.00031950699603334337
4.21232949432716	0.0003197111198515637
4.21575415269806	0.00031992473537643734
4.21918438415053	0.00032018256483296015
4.22262020229957	0.00032027894526977935
4.22606162080459	0.00032074488493330315
4.22950865336957	0.0003220233044404025
4.23296129582527	0.0003230758695803752
4.23641959777196	0.00032339879652334616
4.23988355515966	0.0003234988568030225
4.24335318187244	0.00032356298540917966
4.24682849183985	0.00032419941866810057
4.2503094990371	0.0003251998269360308
4.25379621748527	0.00032560724566523913
4.25728866125147	0.00032567620165769955
4.26078684444908	0.00032582783752108704
4.26429078123786	0.0003257478953754626
4.26780048582421	0.0003258673644246459
4.27131597246136	0.0003266892922948913
4.27483725544949	0.0003274442320825339
4.27836434913603	0.0003278453661683744
4.28189726791575	0.0003285261184668456
4.28543602623105	0.00032940592356813734
4.28898063857209	0.00032982491985990693
4.29253111947701	0.00032975472612864774
4.29608748353213	0.0003296159611407549
4.29964974537216	0.00032999795766021416
4.30321791968039	0.00033091661596170515
4.30679202118887	0.000331988125742165
4.31037206467865	0.00033312490215127444
4.31395806497998	0.0003340119803081378
4.31755003697248	0.0003342040997030711
4.32114799558538	0.00033415771427586525
4.32475195579771	0.00033493284229440965
4.32836193263853	0.0003362216613154872
4.33197794118711	0.0003367460177594399
4.33559999657314	0.00033658330761003884
4.33922811397698	0.00033651384289380806
4.34286230862982	0.00033691641744406823
4.34650259581393	0.00033782812915024874
4.35014899086288	0.0003388960414553171
4.3538015091617	0.0003393097088592564
4.35746016614717	0.00033918805630930816
4.36112497730798	0.000339166210097422
4.36479595818498	0.0003392634567377754
4.36847312437138	0.00033931431225045944
4.37215649151301	0.0003394447085070133
4.37584607530847	0.0003399213838469494
4.37954189150943	0.0003406950646485089
4.3832439559208	0.0003414272237426111
4.38695228440099	0.00034201213645904284
4.39066689286212	0.00034244355968251024
4.39438779727023	0.00034294325249628713
4.39811501364555	0.00034373189721823645
4.4018485580627	0.0003447075469490322
4.40558844665093	0.00034571835662373175
4.40933469559435	0.0003464117077536708
4.41308732113216	0.0003465447199802102
4.41684633955891	0.00034660839125360264
4.42061176722469	0.000347056098274908
4.42438362053541	0.00034765853410687763
4.42816191595301	0.0003479224800473941
4.43194666999571	0.00034812535545860484
4.43573789923826	0.00034849675996583864
4.43953562031216	0.00034890162788298897
4.44333984990594	0.00034933180058626295
4.44715060476534	0.0003498514835355975
4.45096790169364	0.00035062302490719793
4.45479175755184	0.0003516897401158061
4.45862218925893	0.0003526079010428441
4.46245921379216	0.00035331214499082945
4.46630284818723	0.0003541077039608717
4.47015310953863	0.0003550344995436076
4.47401001499983	0.0003560142439098337
4.47787358178355	0.0003567249941266142
4.48174382716202	0.0003566867193045849
4.48562076846722	0.0003562669488164565
4.48950442309118	0.00035627072855392563
4.49339480848621	0.0003568057214621808
4.49729194216515	0.00035782348375106954
4.50119584170166	0.00035896659653266333
4.50510650443448	0.00035953437423367975
4.50902398861634	0.000359652736124161
4.51294829174415	0.00035995417956074
4.51687943163745	0.00036073903987291487
4.52081742617793	0.00036160625529853843
4.52476229330971	0.00036192942297365934
4.52871405103956	0.00036214545879173564
4.53267271743724	0.00036307713229145633
4.53663831063574	0.0003643827002757322
4.54061084883155	0.0003652611305020416
4.54459035028498	0.0003656197408163552
4.54857683332038	0.0003658265654104938
4.55257031632647	0.0003660767814119592
4.5565708177566	0.000366408721845761
4.56057835612904	0.0003668727376239293
4.56459295002727	0.00036734895336407267
4.56861461810025	0.0003681143955957065
4.57264337906274	0.00036930049326015183
4.57667925169555	0.00037011407161247816
4.58072225484587	0.00037055904145168335
4.58477240742754	0.0003714435691916702
4.58882972842135	0.00037223786267699243
4.59289423687535	0.00037240535078357647
4.59696595190512	0.0003725363915017471
4.60104489269409	0.0003728190900406911
4.60513107849384	0.00037292190398925185
4.6092245286244	0.00037284987014192235
4.61332526247456	0.00037311589232018647
4.61743329950217	0.00037416729781182805
4.62154865923443	0.00037553784753154994
4.62567136126824	0.0003764045112243294
4.62980142527048	0.0003765830072470193
4.63393887097833	0.00037666690794291747
4.63808371819959	0.00037720846283932885
4.64223598681299	0.00037779024782457225
4.6463956967685	0.00037825398392687205
4.65056286808769	0.00037906924580961783
4.65473752086399	0.000379886149569175
4.65891967526305	0.0003802542736142479
4.66310935152307	0.0003806838408620267
4.6673065699551	0.00038141809773063734
4.67151135094339	0.00038247713987489594
4.67572371494572	0.0003835942153678092
4.67994368249371	0.00038395970891090954
4.68417127419319	0.00038371827677673414
4.68840651072448	0.00038393696131729994
4.6926494128428	0.000384767367432408
4.69690000137854	0.0003857768905249
4.70115829723764	0.0003867045077176892
4.70542432140194	0.00038716551741564535
4.70969809492948	0.00038703539970304034
4.71397963895488	0.00038675308174289364
4.71826897468972	0.00038693017619955523
4.7225661234228	0.0003875093320889469
4.72687110652058	0.0003879442905560032
4.7311839454275	0.00038827848990035193
4.7355046616663	0.0003888181737779508
4.73983327683847	0.00038954857939976133
4.74416981262451	0.00039041357764036164
4.74851429078434	0.0003913566424085918
4.75286673315769	0.00039209154477141717
4.7572271616644	0.00039237153059875284
4.76159559830484	0.0003925745278752797
4.76597206516028	0.0003932219754572423
4.7703565843932	0.00039369082129886
4.77474917824776	0.0003933729402304934
4.7791498690501	0.00039290786972100323
4.78355867920874	0.0003930331046644311
4.78797563121499	0.00039386476113304137
4.79240074764327	0.0003950797832557875
4.79683405115157	0.00039602230994637737
4.80127556448177	0.0003962753908176557
4.80572531046007	0.0003960955844873597
4.81018331199736	0.00039600184567955497
4.81464959208965	0.0003962524170033247
4.81912415059443	0.0003968262059030241
4.82360705708376	0.0003974924086936237
4.82809831163044	0.0003982219773799752
4.83259793757478	0.0003993240991835861
4.83710595834422	0.000400409015333737
4.84162239745366	0.0004010018409855242
4.84614727850594	0.00040158553526136874
4.8506806251922	0.00040234532357564823
4.8552224612923	0.00040281149639503975
4.85977281067527	0.0004030024521967288
4.86433169729968	0.0004035153785867662
4.86889914521412	0.00040446520185954623
4.87347517855755	0.0004053169067843415
4.87805982155979	0.00040583932937581326
4.88265309854191	0.0004066468935248345
4.88725503391667	0.0004078685245423377
4.89186565218896	0.00040868650685896903
4.89648497795622	0.00040856360282425674
4.9011130359089	0.00040816927714981455
4.90574985083086	0.00040838361006237595
4.91039544759988	0.0004091048565786047
4.91504985118802	0.00041000351105974475
4.91971308666213	0.0004108496440498477
4.92438517918429	0.00041146275876724643
4.92906615401224	0.00041214821467337113
4.93375603649985	0.00041299167811965014
4.93845485209757	0.0004137581231066582
4.94316262635292	0.0004142759688061291
4.94787938491091	0.00041462624821667727
4.95260515351452	0.0004151859854284455
4.95733995800518	0.00041591839537412215
4.96208382432326	0.00041646931784631496
4.96683677850847	0.0004171692938980275
4.97159884670043	0.00041811246317956523
4.97637005513908	0.000418541326209132
4.98115043016518	0.000418727423529846
4.98593999822082	0.0004195177312638187
4.99073878584987	0.0004205322809276786
4.99554681969852	0.00042092461061136695
5.00036412651569	0.0004207369790236101
5.00519073315363	0.0004204179257992828
5.01002666656834	0.00042090633068297875
5.01487195382009	0.0004224099634892065
5.01972662207396	0.0004236324532284087
5.0245906986003	0.00042413545067191165
5.02946421077527	0.00042438472605515717
5.03434718608134	0.0004243259657098166
5.03923965210783	0.00042466233963011534
5.04414163655138	0.0004256477013878043
5.04905316721652	0.00042670259100755214
5.0539742720162	0.0004276351542879288
5.05890497897226	0.0004286372864845053
5.06384531621602	0.00042950220387676146
5.06879531198881	0.0004299358836445297
5.07375499464247	0.0004302228030136694
5.07872439263992	0.00043076420595501187
5.08370353455571	0.00043185257586073126
5.08869244907654	0.00043293247685966034
5.09369116500184	0.00043319224680759486
5.09869971124432	0.00043319503815217824
5.1037181168305	0.0004339710413195018
5.1087464109013	0.0004352014819615202
5.11378462271259	0.00043618052506719533
5.11883278163577	0.00043661591612937197
5.12389091715834	0.00043659966049292226
5.12895905888443	0.0004365272940095822
5.13403723653546	0.000436340052009564
5.13912547995064	0.00043612158327622195
5.14422381908761	0.0004365649327479561
5.149332284023	0.00043790852549798327
5.15445090495303	0.0004391963923519408
5.1595797121941	0.00044001910032836805
5.16471873618341	0.00044088383498489377
5.16986800747952	0.0004420829584192242
5.17502752998208	0.0004434995837587968
5.18019738800254	0.0004447711618049819
5.18537758573974	0.0004455587474558991
5.19056815424388	0.0004461651954784749
5.19576912468961	0.00044691401674302106
5.20098052837666	0.00044712240006339587
5.20620239673046	0.0004467988896890903
5.21143476130276	0.00044722245861297273
5.21667765377231	0.0004485732243419198
5.22193110594543	0.00044943082818683927
5.22719514975671	0.00044929195623349624
5.23246981726965	0.0004492003335036568
5.23775514067728	0.000450081886287654
5.24305115230284	0.00045158188646237984
5.24835788460044	0.0004530324136588152
5.25367537015571	0.00045376494608252466
5.25900364168647	0.00045376072565868775
5.26434273204342	0.00045399133781556637
5.26969267421078	0.00045456859494751126
5.275053501307	0.00045499353017140347
5.28042524658543	0.00045587790036215575
5.285807943435	0.0004572776410259485
5.29120162538095	0.00045845401858545307
5.29660632608545	0.0004594367026507822
5.3020220793484	0.000460024366128848
5.30744891910804	0.0004604736577103103
5.31288687944173	0.0004615416020975587
5.31833599456662	0.00046282852083524427
5.32379629884038	0.0004633542290406007
5.32926782676194	0.0004631616156958741
5.33475061297218	0.000463161576978921
5.3402446922547	0.0004638851062000285
5.34575009953653	0.00046490632313251875
5.35126686988887	0.0004654915779840731
5.35679503852786	0.00046594813861566234
5.3623346408153	0.00046662842717324656
5.36788571225941	0.0004670227412023713
5.37344828851561	0.00046683452272386046
5.37902240538726	0.0004667350044524917
5.38460809882643	0.0004671984160018044
5.39020540493468	0.0004684173184068353
5.39581435996385	0.0004703478427236182
5.40143500031682	0.00047181112667532885
5.40706736254831	0.00047224457393286946
5.41271148336565	0.00047254272951722403
5.41836739962963	0.0004732232094653554
5.42403514835525	0.0004739005297931521
5.42971476671255	0.0004739747363762134
5.43540629202741	0.00047415998757714423
5.44110976178239	0.00047558833621732415
5.44682521361754	0.00047765088981669194
5.45255268533122	0.00047896596659773196
5.45829221488093	0.0004793847986002254
5.4640438403842	0.00047967841512524314
5.46980760011934	0.0004802628273154615
5.47558353252639	0.0004807788703215919
5.4813716762079	0.00048064189133919334
5.48717206992982	0.00048012512113164397
5.49298475262236	0.000480032758511333
5.49880976338088	0.0004805625617560607
5.50464714146674	0.00048141123355124947
5.51049692630818	0.0004825189460455182
5.51635915750125	0.0004842310759758798
5.52223387481064	0.00048578316666030816
5.52812111817063	0.0004864551880724699
5.53402092768597	0.0004869550799418223
5.53993334363281	0.0004877066968705151
5.54585840645959	0.0004888599095546085
5.55179615678799	0.0004901188216119848
5.55774663541383	0.0004912187872810036
5.56370988330803	0.0004925034422445967
5.56968594161754	0.000493711829536766
5.57567485166628	0.0004938445423100841
5.5816766549561	0.0004928339081307337
5.58769136194546	0.0004923824122641632
5.59371907687212	0.0004933668777103809
5.59975981062239	0.0004946798321930843
5.60581360541949	0.0004955550062435806
5.61188050366942	0.0004962004306339079
5.61796054796194	0.0004966655179108208
5.6240537810716	0.0004973161768740779
5.63016024595873	0.0004982757358402463
5.63627998577042	0.0004988816944654842
5.64241304384158	0.0004994881731380175
5.64855946369594	0.0005007569895444111
5.65471928904707	0.0005011998370204207
5.66089256379945	0.0005003872182999119
5.66707933204947	0.0005001588683884344
5.67327963808651	0.0005018794448440665
5.67949352639401	0.0005043737179339722
5.68572104165048	0.0005055853568145181
5.69196222873061	0.0005052723723666685
5.69821713270637	0.0005050601069099967
5.70448579884803	0.0005061667627286379
5.71076827262532	0.0005072625634945008
5.71706459970846	0.000507130221455381
5.72337482596934	0.0005072943594461894
5.72969899748259	0.0005089774246046578
5.73603716052669	0.0005108465031314753
5.74238936158515	0.0005119121309477113
5.7487556473476	0.000513240701911542
5.75513606471093	0.0005148770138133288
5.7615306607805	0.0005156180538123719
5.76793948287123	0.0005155907370089027
5.77436257850881	0.0005155312715233784
5.78079999543086	0.0005160270209536465
5.7872517815881	0.0005161496439002729
5.79371798514558	0.0005159545697810622
5.80019865448384	0.0005162552293574446
5.80669383820012	0.0005169039424861766
5.81320358510961	0.0005178890784864829
5.81972794424663	0.0005191856509110148
5.82626696486589	0.0005202366228921065
5.83282069644369	0.000520570276310341
5.83938918867924	0.0005206945745632203
5.84597249149583	0.0005218598588158406
5.85257065504218	0.0005237989153043819
5.85918372969364	0.0005250903939230322
5.8658117660535	0.00052506914531207
5.87245481495431	0.000524316040894133
5.87911292745913	0.0005242547681645759
5.88578615486287	0.0005257380301439145
5.89247454869361	0.0005274045178701557
5.89917816071388	0.0005283894346101057
5.90589704292208	0.0005286986419745218
5.91263124755372	0.000528292826557111
5.91938082708288	0.0005286271539082494
5.92614583422349	0.0005301405486284574
5.93292632193074	0.0005311392327260148
5.93972234340246	0.000530747143933704
5.9465339520805	0.0005308674009262285
5.95336120165214	0.0005319907655204754
5.96020414605151	0.0005337607244459254
5.96706283946098	0.0005351913086054872
5.97393733631262	0.000535771954687478
5.98082769128963	0.0005364953126974507
5.98773395932777	0.0005375828156663788
5.99465619561685	0.0005387320995718904
6.00159445560221	0.0005398188729710835
6.00854879498614	0.0005406672540421254
6.01551926972944	0.0005407624566603946
6.02250593605286	0.0005409167574592966
6.02950885043868	0.0005415203545971585
6.03652806963217	0.0005416966395334783
6.04356365064315	0.0005416298985024739
6.05061565074752	0.0005423402736031426
6.05768412748886	0.0005438920402679356
6.06476913867991	0.0005453582234854055
6.07187070553662	0.000545304924714958
6.07898896006365	0.0005454939888916811
6.08612392410947	0.0005472610086872595
6.09327565657955	0.0005489660733229421
6.10044421665657	0.000549652108413689
6.10762966380204	0.0005502443665330015
6.11483205775796	0.0005511158923138607
6.12205145854846	0.0005520312204438683
6.12928792648145	0.0005532134144914595
6.13654152215035	0.0005541412849986916
6.14381230643574	0.0005546662237720887
6.15110034050708	0.0005550817305763392
6.15840568582441	0.0005548959261030122
6.16572840414012	0.0005542111947281633
6.17306855750061	0.0005541449997030777
6.18042620824814	0.0005552848242843069
6.18780141902251	0.0005565322289122439
6.1951942527629	0.0005571522456432738
6.20260477270961	0.0005574549432856273
6.21003304240591	0.0005576703095989256
6.21747912569983	0.0005580731825643104
6.22494308674597	0.0005590416119633895
6.2324249900074	0.0005601858541477126
6.23992490025745	0.00056118171565362
6.24744288258164	0.0005622665508426594
6.25497900237951	0.000562642883393071
6.26253332536656	0.0005618592543877199
6.27010591757611	0.0005612425964872187
6.27769684536129	0.0005613361317989679
6.28530617539691	0.0005612376101832176
6.29293397468147	0.0005608089233267983
6.3005803105391	0.0005612022147718222
6.30824525062151	0.000561329747209347
6.31592886291004	0.0005596245766294091
6.32363121571766	0.0005573408449194437
6.33135237769095	0.0005558982591781149
6.33909241781219	0.0005549148373675087
6.3468514054014	0.0005536348064421822
6.35462941011837	0.0005516351960904846
6.36242650196482	0.0005482023707918083
6.37024275128644	0.0005425985499301145
6.37807822877502	0.0005363986132751352
6.38593300547059	0.0005312617170755168
6.39380715276357	0.000526303075015788
6.40170074239691	0.0005207026877252543
6.4096138464683	0.0005131895539830216
6.41754653743234	0.0005016467804344362
6.42549888810276	0.00048808256387851466
6.43347097165465	0.0004735957006813236
6.4414628616267	0.0004578796627239228
6.44947463192348	0.00044295413057263676
6.45750635681769	0.00043029952450003047
6.46555811095246	0.0004207820409840722
6.47362996934367	0.00041443094836692457
6.4817220073823	0.0004108793995342677
6.48983430083675	0.0004098397185986784
6.49796692585519	0.00040912206856143424
6.50611995896798	0.0004069522324031331
6.51429347709007	0.0004052144837100255
6.52248755752337	0.0004059935946127398
6.53070227795924	0.0004091828437072634
6.53893771648093	0.0004124318712537881
6.54719395156605	0.0004137927781864304
6.55547106208904	0.0004139264066616619
6.56376912732372	0.0004153895370506867
6.57208822694583	0.0004188282420618131
6.5804284410355	0.00042210028639595146
6.58878985007993	0.0004241537479568568
6.59717253497588	0.00042567811864235855
6.60557657703236	0.00042721116028456816
6.6140020579732	0.0004300115328054192
6.62244905993971	0.000434548364677651
6.6309176654934	0.0004393061316346919
6.63940795761859	0.0004420342821546393
6.64792001972518	0.0004432836343405475
6.65645389134298	0.0004457982345363633
6.665009745244	0.00044925832753032883
6.67358762193646	0.00045230712239365407
6.68218760656001	0.0004547059910142587
6.69080978469376	0.0004569737781956503
6.69945424235905	0.0004602287315875865
6.7081210660224	0.00046430602561351255
6.7168103425983	0.00046662097887271975
6.72552215945218	0.00046690612308612403
6.7342566044033	0.00046821550815704326
6.74301376572774	0.0004707024572705933
6.75179373216134	0.00047291336887978234
6.7605965929027	0.0004755401252452738
6.76942243761622	0.00047863257654992314
6.77827135643513	0.0004806260374704212
6.78714343996456	0.0004820297630605996
6.79603877928464	0.0004841442861605005
6.80495746595361	0.00048638194694845214
6.81389959201095	0.0004888400722692046
6.82286524998057	0.0004921282166753796
6.831854532874	0.0004949338904988548
6.84086753419356	0.0004962070718266998
6.84990434793569	0.0004971690177458842
6.85896506859411	0.0004986092799393859
6.86804979116321	0.0005001338998985711
6.87715861114131	0.0005021941595694502
6.88629162453404	0.0005044713671078235
6.89544892785768	0.0005060184020247547
6.90463061814258	0.0005072304062575003
6.9138367929366	0.0005087507023766383
6.92306755030855	0.0005110019673319009
6.93232298885165	0.0005130612288828942
6.94160320768708	0.0005134020142582551
6.95090830646749	0.0005129401850669009
6.9602383853806	0.0005131692761106703
6.96959354515276	0.0005141363632589058
6.97897388705257	0.000515038782498832
6.98837951289457	0.0005151797993368021
6.99781052504293	0.0005146391637329538
7.00726702641508	0.0005144560770046508
7.01674912048558	0.0005151261382168379
7.02625691128978	0.000516058188579525
7.0357905034277	0.0005167690135205329
7.04535000206781	0.0005174750857552408
7.05493551295096	0.0005183829532080991
7.06454714239421	0.0005196947530290274
7.07418499729483	0.0005217537474847945
7.0838491851342	0.0005242098885729095
7.09353981398185	0.0005273399936908355
7.10325699249946	0.0005318610424280177
7.11300082994494	0.0005366415007524967
7.12277143617651	0.0005410339586518368
7.13256892165686	0.0005452287209482675
7.14239339745727	0.0005491909801345588
7.15224497526182	0.0005538654468427973
7.16212376737164	0.0005593969048262156
7.17202988670918	0.0005642953452029827
7.18196344682248	0.000568376038143085
7.19192456188953	0.0005726606210801806
7.20191334672265	0.0005765852958156629
7.21192991677289	0.0005792403776088645
7.22197438813447	0.0005817929507919941
7.2320468775493	0.0005849126958524182
7.24214750241145	0.000587690017926562
7.25227638077178	0.0005903876594369531
7.26243363134246	0.0005937760276838734
7.27261937350166	0.0005964007250112526
7.28283372729822	0.000597733583400227
7.29307681345637	0.0005998370571335213
7.30334875338045	0.000602338405077163
7.31364966915974	0.0006034899093791601
7.32397968357332	0.0006040631594425724
7.33433892009487	0.0006057519337101223
7.34472750289768	0.0006084620480982229
7.35514550276138	0.0006109802989330167
7.36559315331583	0.0006128333491111138
7.37607052691793	0.0006145149214702799
7.38657775058926	0.0006166970248710874
7.3971149520762	0.0006188896717687069
7.40768225985511	0.0006203595963016709
7.41827980313755	0.0006217499493112288
7.42890771187555	0.0006238780999511185
7.43956611676692	0.0006264702601504147
7.45025514926061	0.0006280240413895514
7.4609749415621	0.0006283873791795695
7.47172562663887	0.0006289632357300776
7.48250733822589	0.000629722882015252
7.49332021083116	0.000629818759439095
7.5041643797413	0.0006296045239463512
7.51503998102723	0.0006302329724258114
7.52594715154979	0.0006319757103744719
7.53688602896556	0.0006337278069988585
7.5478567517326	0.000634563345974824
7.55885945911629	0.0006352322398524752
7.56989429119526	0.0006366323613941234
7.5809613888673	0.0006379509213773644
7.59206089385539	0.0006393858077233393
7.6031929487137	0.0006416954502219723
7.61435769683375	0.0006435943816050893
7.62555528245053	0.0006443630444137725
7.63678585064871	0.0006446370243984731
7.64804954736893	0.0006450252051000584
7.6593465194141	0.0006462670563949564
7.67067691445579	0.0006478080792729539
7.68204088104067	0.0006484711319290564
7.69343856859698	0.0006493960744967404
7.70487012744109	0.0006515585390977016
7.71633570878413	0.0006535486051529859
7.72783546473862	0.0006543027936999336
7.73936954832521	0.0006547456360726912
7.75093811347949	0.0006556230463237644
7.7625413150588	0.0006563235142369028
7.77417930884918	0.0006560110565655416
7.78585225157232	0.0006558376836687124
7.79756030089257	0.0006573004809016733
7.8093036154241	0.0006597278445966758
7.821082354738	0.0006622468376884026
7.83289667936956	0.0006648825579177129
7.84474675082553	0.0006667747270945188
7.85663273159148	0.0006672071620557368
7.86855478513924	0.0006675957959546726
7.88051307593439	0.0006681767297094858
7.89250776944384	0.0006680230140130608
7.90453903214342	0.0006676179564108421
7.91660703152561	0.0006673850880759622
7.92871193610733	0.0006682316713622685
7.94085391543774	0.0006705315173885453
7.95303314010617	0.000672052489208769
7.96524978175016	0.0006723582155702176
7.97750401306345	0.000672964996504677
7.98979600780414	0.0006746231580509269
8.00212594080295	0.00067736221586275
8.01449398797141	0.0006788574263324078
8.02690032631036	0.0006777763442537413
8.03934513391825	0.0006774882730275904
8.05182858999977	0.0006805126102564477
8.06435087487441	0.0006841211831912493
8.07691216998514	0.0006848782160372011
8.08951265790719	0.0006836629885240127
8.10215252235686	0.0006839340671445761
8.1148319482005	0.0006860038108697833
8.12755112146348	0.0006871958487812329
8.14031022933932	0.0006874298163108838
8.15310946019885	0.0006888545932307047
8.16594900359948	0.0006910579961581132
8.17882905029457	0.0006918974124743855
8.19174979224289	0.0006914702213653193
8.20471142261811	0.0006918713237043266
8.21771406828766	0.0006934330598037055
8.23075805973114	0.0006943838424204659
8.24384352650786	0.0006940808518237808
8.2569706667484	0.0006940345619477559
8.27013967984734	0.0006956339070194177
8.28335076647336	0.0006986647440039029
8.29660412857938	0.0007010323948752094
8.30989996941292	0.0007009369260021943
8.32323849352646	0.000699372530647422
8.33661990678792	0.0006984226464709241
8.35004441639126	0.0006993123806003072
8.36351223086719	0.0007026449216307478
8.37702356009394	0.0007070009854108666
8.39057861530818	0.000709286267094944
8.40417760911602	0.0007084866980434878
8.41782075550413	0.000706972552466721
8.43150826985096	0.0007070477687232548
8.4452403689381	0.000707570402654143
8.45901727096166	0.0007068636879871114
8.47283919554391	0.0007059086774515954
8.48670636374489	0.0007065332210695988
8.5006189980742	0.0007094536174859338
8.51457732250295	0.0007135363089070224
8.52858156247571	0.0007157123315930395
8.54263194492271	0.0007151812827177457
8.55672869827205	0.0007143203849314776
8.5708720524621	0.0007152991556972068
8.58506223895401	0.0007172019630344544
8.59929949074432	0.0007178692728172708
8.61358404237773	0.0007177521622335775
8.62791612995995	0.0007183516854939069
8.64229599117075	0.0007201010443524268
8.65672386527707	0.0007219410107888331
8.67119999314628	0.0007223819712058803
8.68572461725964	0.000721128056551558
8.70029798172576	0.0007198692383266598
8.71492033229434	0.000720710604519867
8.72959191636995	0.0007245551829526912
8.74431298302601	0.0007285780468947676
8.75908378301886	0.0007287160349021657
8.77390456880198	0.0007263350575224851
8.78877559454046	0.0007261402160798037
8.8036971161254	0.0007279559866543177
8.8186693911887	0.0007301233986926084
8.83369267911783	0.0007323565233465
8.84876724107082	0.0007342172221120687
8.86389333999142	0.0007339412922050446
8.87907124062432	0.0007321658527432453
8.89430120953068	0.0007315807303117739
8.90958351510369	0.0007339672220209173
8.92491842758431	0.0007374064610349168
8.94030621907727	0.0007385195810841834
8.9557471635671	0.0007383136225767501
8.97124153693444	0.0007392130927307417
8.98678961697242	0.0007401757184417666
9.00239168340331	0.0007408200209465616
9.01804801789527	0.000741770203239477
9.0337589040793	0.0007433058136012859
9.04952462756636	0.0007462722511531637
9.06534547596472	0.0007493146338837553
9.0812217388974	0.0007500370315558861
9.09715370801986	0.0007480315949587166
9.11314167703788	0.0007450316981254358
9.12918594172556	0.0007442877132402141
9.14528679994361	0.0007463843615498735
9.16144455165778	0.0007486395956178111
9.17765949895743	0.0007519834338363193
9.19393194607443	0.0007578019538600505
9.21026219940214	0.0007617280139119292
9.22665056751467	0.0007602905922812527
9.24309736118628	0.0007567740242194425
9.25960289341108	0.0007543805995897176
9.27616747942282	0.0007534766342045028
9.29279143671499	0.0007540466406829036
9.30947499839481	0.0007565730493456659
9.32621865955695	0.0007591614165245198
9.34302265824074	0.0007583666707010592
9.35988732118368	0.0007572182803209825
9.37681297748666	0.0007611644164350753
9.39379995863534	0.0007673175713261521
9.41084859852184	0.0007692331480716134
9.42795923346656	0.0007679643900794475
9.44513220224034	0.0007683225671584653
9.46236784608679	0.0007696085956456487
9.4796665087449	0.0007700242424116767
9.49702853647191	0.0007705259416219593
9.51445427806638	0.0007708394411114265
9.53194408489157	0.0007701247215148645
9.54949831089906	0.0007684574975513487
9.56711731265262	0.0007668931694525758
9.58480144935233	0.0007673641808083942
9.60255108285904	0.0007716020175830686
9.620366577719	0.0007755870016944113
9.63824830118886	0.0007754172629831469
9.65619662326087	0.0007744715903148836
9.67421191668843	0.0007759780583691445
9.69229455701189	0.0007783870729108761
9.7104449225846	0.0007795767297904177
9.72866339459936	0.0007806797555432448
9.7469503571151	0.0007831359552905228
9.76530619708382	0.0007854570374261279
9.78373130437792	0.0007872594112895865
9.80222607181779	0.0007897507247590005
9.82079089519976	0.000791914432457772
9.83942617332427	0.0007920928295277003
9.85813230802448	0.0007907225505265244
9.87690970419515	0.0007892581643378821
9.89575876982181	0.0007896590376513863
9.91467991601037	0.0007918133989357889
9.93367355701695	0.0007952963125472254
9.95274011027815	0.0007998818456887786
9.97187999644163	0.0008014631401599964
9.99109363939703	0.0007988483487252815
10.0103814663073	0.0007964646123352125
10.0297439076402	0.0007970315497362511
10.0491813972006	0.0007983556948850072
10.0686943721627	0.0007982774511387883
10.0882832731028	0.0007983176564547917
10.1079485440324	0.0007990413416087478
10.127690632432	0.000799207467455103
10.1475099892849	0.000799908195241449
10.1674070691114	0.0008018256280909832
10.1873823300037	0.0008040867408168675
10.207436233661	0.0008058898286542388
10.2275692454252	0.0008071876320453556
10.2477818343167	0.00080983891043402
10.2680744730709	0.0008127765915419575
10.2884476381752	0.0008128343971516822
10.3089018099061	0.0008124409066167782
10.3294374723668	0.0008153422360608174
10.350055113526	0.0008182110081304484
10.3707552252558	0.0008196849777670074
10.3915383033713	0.000821145667702679
10.41240484767	0.0008222094437193271
10.4333553619721	0.0008221988567326388
10.4543903541606	0.000822424988018926
10.4755103362227	0.000822118682064743
10.4967158242914	0.0008198284222430093
10.5180073386872	0.0008197309061022184
10.5393854039609	0.0008235658168053345
10.5608505489366	0.0008281052110016644
10.5824033067555	0.0008311277753622634
10.6040442149197	0.0008311070974324316
10.625773815337	0.0008288551791060927
10.6475926543664	0.0008281204451012037
10.6695012828635	0.0008305128811422056
10.6915002562271	0.0008336347914608957
10.7135901344462	0.0008358493791359845
10.7357714821472	0.0008351130027589547
10.7580447529068	0.0008327216664932856
10.7804107517607	0.0008320153717550482
10.8028699422826	0.0008332907411453392
10.8254229081364	0.0008345204811205986
10.8480702378702	0.00083701800063753
10.8708125249675	0.0008407407718012044
10.8936503678993	0.0008409700278825448
10.916584370176	0.0008368874227543916
10.9396151404011	0.0008356150628717682
10.9627432923249	0.0008397594808666007
10.985969444899	0.0008432864708352644
11.0092942223312	0.0008458207960325602
11.0327182541421	0.0008505126042861224
11.056242175221	0.0008536394417368762
11.0798666258839	0.0008515798577044768
11.1035922519311	0.0008477034363362723
11.1274197047063	0.0008455641481025207
11.1513496411563	0.0008444810219606528
11.1753827238909	0.0008444739947764426
11.1995196212448	0.0008415164098919739
11.2237610073388	0.0008228406117681673
11.2481075621432	0.0007867015629540413
11.2725599715408	0.0007570589702969229
11.2971189273919	0.0007532235300055268
11.3217851275989	0.0007599957636444524
11.346559276173	0.000760841738133365
11.371442083301	0.0007625450642861048
11.3964342654127	0.0007696325979685196
11.4215365452506	0.0007793855484112232
11.4467496519387	0.0007940040248339257
11.4720743210534	0.0008120357320957641
11.4975112946952	0.0008262310105714638
11.523061321561	0.0008345970793255978
11.5487251570176	0.0008399004888775148
11.5745035631762	0.0008436317848857529
11.6003973089677	0.0008474359455034807
11.6264071702192	0.0008522050727987426
11.6525339297318	0.0008561076387067254
11.6787783773585	0.0008582135961588404
11.7051413100844	0.0008603148112746685
11.731623532107	0.0008631265873495558
11.7582258549183	0.0008632022136141707
11.7849490973872	0.000862452117310774
11.8117940858442	0.0008668809497485986
11.8387616541658	0.0008727647938255173
11.8658526438615	0.0008775610405033134
11.893067904161	0.0008808929784750768
11.920408292103	0.0008804996810337268
11.9478746726252	0.0008764339783725449
11.9754679186555	0.0008740358525592969
12.0031889112044	0.0008795284867681695
12.0310385394589	0.0008846827685733842
12.0590177008774	0.0008860935226473137
12.0871273012863	0.0008894104719870268
12.1153682549777	0.0008938711240201636
12.1437414848085	0.000894807334371188
12.1722479223007	0.0008941344717638283
12.200888507744	0.0008935757638831401
12.2296641902983	0.0008920223506609635
12.2585759280992	0.0008868791895208039
12.2876246883643	0.0008802055919226528
12.3168114475007	0.0008788867167335015
12.3461371912148	0.0008884814030708872
12.3756029146228	0.000901910462773644
12.4052096223638	0.0009043238333590978
12.4349583287137	0.0008986902279463141
12.464850057701	0.0008956462292061665
12.4948858432244	0.0008992704011413486
12.5250667291718	0.0009037435966529965
12.5553937695415	0.0009039509854584043
12.585868028565	0.0009018466510013794
12.6164905808309	0.0009018524775794737
12.6472625114119	0.000904540120568678
12.6781849159926	0.0009093716035583293
12.7092587394741	0.0009124310434774997
12.7404854214129	0.0009097838076996833
12.7718659293809	0.0009056171509773723
12.8034014028303	0.0009041384191783129
12.8350929924949	0.0009034463490662101
12.8669418605302	0.0009046296429601165
12.8989491806555	0.0009096536483062363
12.931116138298	0.0009158454924681717
12.9634439307392	0.0009198276029217145
12.9959337672632	0.0009211850672066795
13.0285868693081	0.0009213823078394552
13.0614044706183	0.0009216911126072986
13.0943878174006	0.0009219815296765672
13.1275381684813	0.0009226102141257555
13.1608567954669	0.0009247369087231462
13.1943449829064	0.0009236749764182212
13.2280040284563	0.0009218840690438859
13.2618352430487	0.0009190381562078342
13.2958399510607	0.0009146258753051418
13.330019490488	0.0009123307183531289
13.36437521312	0.000916713382127588
13.3989084847181	0.0009275428660811461
13.4336206851966	0.0009354767343057537
13.4685132088066	0.0009348260290387757
13.5035874643227	0.0009339428574091268
13.5388448752324	0.0009350590979098223
13.5742868799291	0.0009368742123567428
13.6099149319072	0.0009356754738767657
13.6457304999611	0.0009315053585284342
13.6817350683871	0.0009310564949707565
13.7179301371882	0.0009363304965045228
13.7543172222826	0.0009438814658495703
13.7908978557154	0.0009468126509376089
13.8276735858732	0.0009459718337781052
13.8646459777033	0.0009479188624371047
13.901816612935	0.0009551458949456868
13.9391870903055	0.0009589195035225144
13.9767590257891	0.0009555489655785587
14.0145340528302	0.0009491041908724906
14.0525138225796	0.0009442214811125675
14.0907000041356	0.0009420380559809939
14.1290942847884	0.0009433996938957099
14.1676983702684	0.0009477516729506509
14.2065139849989	0.0009515262196278118
14.245542872353	0.0009572389134277921
14.2847867949145	0.0009630173905678841
14.3242475347433	0.0009646379227295162
14.363926893645	0.0009628465886967525
14.4038266934453	0.0009614482038748804
14.4439487762689	0.000961823776950864
14.4842950048229	0.0009592724359380121
14.5248672626849	0.0009526285768539742
14.5656674545964	0.0009512320312094555
14.6066975067609	0.0009583838761503344
14.6479593671466	0.0009651580249370024
14.6894550057954	0.0009666084255667232
14.7311864151356	0.0009638145823818175
14.7731556103016	0.0009630096211736724
14.8153646294577	0.0009702721637228365
14.8578155341284	0.0009777793228602143
14.9005104095338	0.0009755299463525924
14.9434513649311	0.0009720587075126689
14.986640533962	0.0009723094370206113
15.0300800750061	0.000969514763205276
15.0737721715404	0.0009673675919859925
15.1177190325053	0.0009685700726338726
15.1619228926766	0.0009764847889532579
15.2063860130445	0.000985073983982159
15.2511106811992	0.0009873441864374957
15.2960992117232	0.0009874349435260582
15.3413539465902	0.0009800007767377732
15.386877255572	0.000972771173378469
15.4326715366519	0.0009735764836926287
15.4787392164461	0.0009748764652833784
15.5250825096035	0.0009733843027695917
15.5717043819056	0.0009824185335949708
15.6186071088777	0.0009936815834601007
15.6657932360306	0.000995744134636072
15.7132653397296	0.0009916998109800582
15.7610260276638	0.0009792162187253455
15.8090779393234	0.0009789875081784387
15.8574237464857	0.0009912252988646822
15.9060661537109	0.0010009436652946753
15.9550078988458	0.0010033577579082733
16.0042517535379	0.001002468133616523
16.0538005237585	0.000999455511372231
16.1036570503357	0.00099430316886917
16.1538242094973	0.0009947507358731144
16.204304913424	0.0010007888944462806
16.2551021108128	0.0010073617254879642
16.3062187874513	0.0010098469444928843
16.3576579668027	0.001008706847747276
16.4094227106016	0.0010106806964359897
16.4615161194623	0.0010055160581909392
16.5139413334968	0.0009998600087288384
16.5667015329467	0.001006542525350977
16.6197999388258	0.0010120792897275533
16.6732398135758	0.0010119205304792431
16.7270244617344	0.0010185668967127182
16.7811572306164	0.0010214105022807113
16.8356415110083	0.0010125379530670619
16.8904807378762	0.0010030173425531936
16.9456783910878	0.0010061562522697255
17.0012379961484	0.0010016628878941427
17.0571631249514	0.0010139193294131975
17.1134573965441	0.0010299371189550093
17.170124477908	0.0010395368052842024
17.2271680847555	0.0010348887485367355
17.2845919823415	0.0010278785444324532
17.3423999862926	0.001026323700858882
17.4005959634515	0.0010246662339562379
17.4591838327399	0.0010339153042213554
17.5181675660377	0.0010459436867063094
17.5775511890809	0.0010525875508785993
17.6373387823774	0.0010505147352450036
17.6975344821416	0.0010336868558300735
17.7581424812486	0.001030212850192864
17.8191670302074	0.001035302009503645
17.8806124381545	0.0010294911643538784
17.9424830738689	0.0010218468546349807
18.0047833668066	0.0010328039375625704
18.0675178081586	0.0010362366449069948
18.1306909519294	0.001026645436092437
18.1943074160397	0.0010272512107911364
18.2583718834511	0.0010360517045035255
18.3228891033156	0.0010421484616200429
18.3878638921489	0.0010524875554947999
18.4533011350293	0.0010597135613924853
18.5192057868222	0.001061065512260524
18.58558287343	0.0010409665440389753
18.6524374930706	0.0010305539040198761
18.7197748175823	0.0010393047320169714
18.7876000937576	0.0010383087768927855
18.855918644706	0.001048531890590563
18.9247358712464	0.0010658130670676898
18.9940572533309	0.0010589936416233127
19.0638883514991	0.0010352967093792507
19.1342348083647	0.0010230590846544542
19.2051023501361	0.0010242265863107767
19.2764967881694	0.0010265709314050688
19.3484240205576	0.00103602285133371
19.4208900337547	0.0010576930665109699
19.4939009042363	0.0010752241479434304
19.5674628001986	0.0010741651775153323
19.6415819832954	0.0010685841966240966
19.7162648104145	0.0010707092194764448
19.7915177354957	0.0010732523909302348
19.8673473113896	0.0010700801308027067
19.9437601917601	0.0010686146747944099
20.0207627321991	0.0010785772233399633
20.0983625924291	0.0010591980216623493
20.1765663426586	0.0010413429409802252
20.2553810597239	0.0010323583817193236
20.3348139314705	0.001040133307695922
20.4148722589385	0.0010529612747721597
20.4955634585993	0.0010756565981993864
20.5768950646461	0.0010717630805991642
20.6588747313391	0.0010561615144574744
20.7415102354064	0.0010519574100356043
20.8248094785037	0.001051420630373567
20.9087804897326	0.0010321916307090891
20.9934314282207	0.001040102995335036
21.0787705857645	0.0010433087028601186
21.1648063895365	0.001036231137969793
21.2515474048599	0.0010437853404424923
21.3390023380505	0.001060910205452188
21.4271800393304	0.0010648184791021904
21.5160895058135	0.001042200468610803
21.6057398845653	0.001029097929459253
21.6961404757404	0.0010528701263070928
21.7873007357985	0.001091478507752732
21.8792302808022	0.0011090271189138493
21.9719388897979	0.0010973815669723102
22.0654365082841	0.0010819325039279147
22.1597332517678	0.0010651845014484553
22.2548394094126	0.0010779329506840516
22.3507654477818	0.0010723498356414352
22.4475220146777	0.0010837994307413656
22.5451199430817	0.0010890102625504305
22.6435702551978	0.0010563257448924434
22.7428841666019	0.0010199740438183167
22.8430730905013	0.0010261376960402702
22.9441486421068	0.001061850104953296
23.046122643122	0.0010416528308191742
23.1490071263524	0.0010021761486010336
23.2528143404385	0.0010478541781270148
23.3575567547169	0.0010604096199583696
23.463247064214	0.0010219748743975545
23.5698981947744	0.0010128342055174143
23.6775233083315	0.0009909785534879258
23.786135808322	0.0010020963453109021
23.8957493452505	0.0010391674429062994
24.0063778224088	0.0010225032878727293
24.1180354017547	0.0010597896201372564
24.2307365099554	0.0010526691171203594
24.3444958446015	0.00100976893030031
24.4593283805965	0.0010419915158978014
24.5752493767287	0.0010714124225158347
24.6922743824296	0.00108423092931728
24.8104192447277	0.0010264129875810803
24.9297001154021	0.0009163969306045251
25.0501334583435	0.0007968349951142942
25.17173605713	0.0007807394110109022
25.2945250228239	0.000886087676606909
25.4185178019987	0.0009359880072627016
25.5437321850029	0.0009531509861533804
25.670186314469	0.0009159972493809117
25.7978986940768	0.0007931622335046864
25.9268881975801	0.0006893977720493193
26.0571740781043	0.0006867095920542335
26.1887759777272	0.0006944883409064389
26.3217139373502	0.0006453822018966815
26.4560084068729	0.0007492694355219129
26.5916802556801	0.0008700994696924315
26.7287507834531	0.0008175754954011542
26.8672417313175	0.0006629315281955856
27.0071752933391	0.000625126458073858
27.1485741283808	0.0006230170420105425
